1000	0.00	50.00
1001	0.00	40.00
1002	0.00	50.00
1003	0.00	40.00
1004	0.00	255.00
1005	0.00	255.00
1021	0.00	7.00
1022	0.00	15.00
1023	0.00	60.00
1024	0.00	30.00
1025	0.00	60.00
1026	0.00	1.00
1027	0.00	1.00
1028	0.00	5.00
1029	0.00	5.00
1030	0.00	1.00
1031	0.00	1.00
1032	0.00	100.00
1033	0.00	100.00
1034	0.00	100.00
1041	0.00	10.00
1042	0.00	20.00
1043	0.00	255.00
1044	0.00	255.00
1045	0.00	1.00
1061	0.00	80.00
1062	0.00	255.00
1063	0.00	200.00
1081	0.00	100.00
1082	0.00	100.00
1083	0.00	581.00
1084	0.00	207.00
1085	0.00	100.00
1101	0.00	5.50
1102	0.00	42.00
1103	0.00	16435.00
1121	0.00	255.00
1122	0.00	40.00
1141	0.00	67.00
1146	0.00	100.00
1151	0.00	1999.00
1152	0.00	3000.00
1153	0.00	6.08
1154	0.00	80.00
1155	0.00	50.00
1156	0.00	100.00
1157	0.00	20.00
1158	0.00	255.00
1159	0.00	70.00
1160	0.00	1000.00
1161	0.00	1.50
1162	0.06	4.50
1163	0.00	3.00
1164	0.00	35.00
1165	0.00	25.00
1166	0.00	35.00
1167	0.00	8.00
1168	0.00	100.00
1169	0.00	30.0
1170	0.00	350.00
1171	0.00	4206500000.00
1172	0.00	56.00
1173	0.00	15.00
1174	0.00	207.00
1175	0.00	250.00
1176	0.00	5.00
1177	0.00	5.00
1178	0.00	1.5
1179	0.00	7.00
1180	0.00	1.00
1181	0.00	2.00
1182	0.00	4261460000.00
1183	0.00	15.00
1184	0.00	255.00
1185	0.00	0.00
1186	0.00	255.00
1187	0.00	0.00
1188	0.00	0.00
1189	-167.99	27383.00
1190	-36.02	7305.00
1200	0.00	52.00
1201	0.00	0.20
1202	0.00	200.00
1203	0.00	797623.00
1204	0.00	40.00
1205	4.61	600.00
1206	0.00	14621.00
1207	0.00	510.0
1208	0.00	285180.00
1210	0.00	1.00
1211	0.00	1.00
1212	0.00	1.00
1213	0.00	1.00
1214	0.00	1.00
1215	0.00	1.00
1216	0.00	1.00
1217	-405.76	0.00
1218	0.00	1.00
1219	0.00	1.00
1220	0.00	1.00
1221	0.00	1.00
1222	0.00	3.00
1223	0.00	1.00
1224	0.00	70.00
1230	0.00	1.00
1240	0.00	1.00
1241	0.00	1.00
1242	0.00	1.00
1243	0.00	1.00
1244	0.00	1.00
1245	0.00	3.00
1246	0.00	27983.00
1247	0.00	53985.00
1248	0.00	4286.00
1249	0.00	7888.00
1250	0.00	14298.00
1251	0.00	0.00
1252	0.00	2.00
1253	0.00	65535.00
1254	0.00	65535.00
1255	0.00	65535.00
1256	0.00	1.00
1257	0.00	1.00
1258	1.00	14.00
1259	-2022.00	53985.00
1260	0.00	1.00
1261	0.00	1.00
1262	0.00	3.00
1263	0.00	2.00
1300	0.00	1.00
1301	0.00	1.00
1302	0.00	1.00
1303	0.00	1.00
1304	0.00	1.00
1305	0.00	1.00
1306	0.00	1.00
1307	0.00	1.00
1311	0.00	1.00
1321	0.00	3.00
1322	0.00	8.00
1323	0.00	1.00
1324	0.00	1.00
1325	0.00	1.00
1331	0.00	10.00
1332	0.00	1.00
1333	0.00	1.00
1334	0.00	10.00
1335	0.00	50.00
1336	0.00	50.00
1337	0.00	50.00
1400	0.00	16.00
1401	0.00	0.00
1402	0.00	0.00
1421	0.00	65535.00
1422	0.00	65535.00
1423	0.00	255.00
1441	0.00	250.00
1442	0.00	0.00
1461	0.00	1005.0
1462	0.00	1002.0
1463	0.00	0.50
1464	0.00	1.00
1465	0.00	1.00
1466	0.00	1.2
1467	0.00	0.00
1468	0.00	4.00
1469	0.00	6.00
1470	0.00	3.00
4000	-1.00	1.00
4001	-1.00	22263800.00
4002	-1.00	1369540.00
4003	-1.00	18548900.00
4004	-1.00	1249420.00
4005	0.00	100.00
4006	0.00	67434700.00
4007	0.00	69961700.00
5000	-0.59	1000.00
5001	-0.31	1000.00
5002	-0.39	1000.00
5003	-0.05	1000.00
5004	0.00	1000.00
5005	1000.00	1000.00
5006	-0.28	1000.00
5007	0.00	0.00
5011	0.00	0.00
5012	0.00	255.00
5013	0.00	1.00
7000	-0.01	0.92
7001	0.00	79.00
7002	0.00	1.00
7004	1.94	34.26
